The First 1000 Prime Numbers --- Page 1
2    101    201    301
3    103    203    303
5    105    205    305
7    107    207    307
9    109    209    309
11    111    211    311
13    113    213    313
15    115    215    315
17    117    217    317
19    119    219    319
21    121    221    321
23    123    223    323
25    125    225    325
27    127    227    327
29    129    229    329
31    131    231    331
33    133    233    333
35    135    235    335
37    137    237    337
39    139    239    339
41    141    241    341
43    143    243    343
45    145    245    345
47    147    247    347
49    149    249    349
51    151    251    351
53    153    253    353
55    155    255    355
57    157    257    357
59    159    259    359
61    161    261    361
63    163    263    363
65    165    265    365
67    167    267    367
69    169    269    369
71    171    271    371
73    173    273    373
75    175    275    375
77    177    277    377
79    179    279    379
81    181    281    381
83    183    283    383
85    185    285    385
87    187    287    387
89    189    289    389
91    191    291    391
93    193    293    393
95    195    295    395
97    197    297    397
99    199    299    399

The First 1000 Prime Numbers --- Page 2
401    501    601    701
403    503    603    703
405    505    605    705
407    507    607    707
409    509    609    709
411    511    611    711
413    513    613    713
415    515    615    715
417    517    617    717
419    519    619    719
421    521    621    721
423    523    623    723
425    525    625    725
427    527    627    727
429    529    629    729
431    531    631    731
433    533    633    733
435    535    635    735
437    537    637    737
439    539    639    739
441    541    641    741
443    543    643    743
445    545    645    745
447    547    647    747
449    549    649    749
451    551    651    751
453    553    653    753
455    555    655    755
457    557    657    757
459    559    659    759
461    561    661    761
463    563    663    763
465    565    665    765
467    567    667    767
469    569    669    769
471    571    671    771
473    573    673    773
475    575    675    775
477    577    677    777
479    579    679    779
481    581    681    781
483    583    683    783
485    585    685    785
487    587    687    787
489    589    689    789
491    591    691    791
493    593    693    793
495    595    695    795
497    597    697    797
499    599    699    799

The First 1000 Prime Numbers --- Page 3
801    901    1001    1101
803    903    1003    1103
805    905    1005    1105
807    907    1007    1107
809    909    1009    1109
811    911    1011    1111
813    913    1013    1113
815    915    1015    1115
817    917    1017    1117
819    919    1019    1119
821    921    1021    1121
823    923    1023    1123
825    925    1025    1125
827    927    1027    1127
829    929    1029    1129
831    931    1031    1131
833    933    1033    1133
835    935    1035    1135
837    937    1037    1137
839    939    1039    1139
841    941    1041    1141
843    943    1043    1143
845    945    1045    1145
847    947    1047    1147
849    949    1049    1149
851    951    1051    1151
853    953    1053    1153
855    955    1055    1155
857    957    1057    1157
859    959    1059    1159
861    961    1061    1161
863    963    1063    1163
865    965    1065    1165
867    967    1067    1167
869    969    1069    1169
871    971    1071    1171
873    973    1073    1173
875    975    1075    1175
877    977    1077    1177
879    979    1079    1179
881    981    1081    1181
883    983    1083    1183
885    985    1085    1185
887    987    1087    1187
889    989    1089    1189
891    991    1091    1191
893    993    1093    1193
895    995    1095    1195
897    997    1097    1197
899    999    1099    1199

The First 1000 Prime Numbers --- Page 4
1201    1301    1401    1501
1203    1303    1403    1503
1205    1305    1405    1505
1207    1307    1407    1507
1209    1309    1409    1509
1211    1311    1411    1511
1213    1313    1413    1513
1215    1315    1415    1515
1217    1317    1417    1517
1219    1319    1419    1519
1221    1321    1421    1521
1223    1323    1423    1523
1225    1325    1425    1525
1227    1327    1427    1527
1229    1329    1429    1529
1231    1331    1431    1531
1233    1333    1433    1533
1235    1335    1435    1535
1237    1337    1437    1537
1239    1339    1439    1539
1241    1341    1441    1541
1243    1343    1443    1543
1245    1345    1445    1545
1247    1347    1447    1547
1249    1349    1449    1549
1251    1351    1451    1551
1253    1353    1453    1553
1255    1355    1455    1555
1257    1357    1457    1557
1259    1359    1459    1559
1261    1361    1461    1561
1263    1363    1463    1563
1265    1365    1465    1565
1267    1367    1467    1567
1269    1369    1469    1569
1271    1371    1471    1571
1273    1373    1473    1573
1275    1375    1475    1575
1277    1377    1477    1577
1279    1379    1479    1579
1281    1381    1481    1581
1283    1383    1483    1583
1285    1385    1485    1585
1287    1387    1487    1587
1289    1389    1489    1589
1291    1391    1491    1591
1293    1393    1493    1593
1295    1395    1495    1595
1297    1397    1497    1597
1299    1399    1499    1599

The First 1000 Prime Numbers --- Page 5
1601    1701    1801    1901
1603    1703    1803    1903
1605    1705    1805    1905
1607    1707    1807    1907
1609    1709    1809    1909
1611    1711    1811    1911
1613    1713    1813    1913
1615    1715    1815    1915
1617    1717    1817    1917
1619    1719    1819    1919
1621    1721    1821    1921
1623    1723    1823    1923
1625    1725    1825    1925
1627    1727    1827    1927
1629    1729    1829    1929
1631    1731    1831    1931
1633    1733    1833    1933
1635    1735    1835    1935
1637    1737    1837    1937
1639    1739    1839    1939
1641    1741    1841    1941
1643    1743    1843    1943
1645    1745    1845    1945
1647    1747    1847    1947
1649    1749    1849    1949
1651    1751    1851    1951
1653    1753    1853    1953
1655    1755    1855    1955
1657    1757    1857    1957
1659    1759    1859    1959
1661    1761    1861    1961
1663    1763    1863    1963
1665    1765    1865    1965
1667    1767    1867    1967
1669    1769    1869    1969
1671    1771    1871    1971
1673    1773    1873    1973
1675    1775    1875    1975
1677    1777    1877    1977
1679    1779    1879    1979
1681    1781    1881    1981
1683    1783    1883    1983
1685    1785    1885    1985
1687    1787    1887    1987
1689    1789    1889    1989
1691    1791    1891    1991
1693    1793    1893    1993
1695    1795    1895    1995
1697    1797    1897    1997
1699    1799    1899    1999

